2.19958556688554
-0.99593657412974
-0.783372838254419
0.734963030639397
-0.897772357113026
-0.108666526208068
0.336238828633006
-0.747646507600598
-0.585124956229617
0.283405186952179
-1.06156794192726
3.0900414558626
-1.47825567864481
-0.0489940163021983
0.382434680732419
-0.945972617398768
1.09310536477889
-0.103563827031112
-0.173241189653569
-0.9314157369095
0.448160105055974
-1.15954540517458
-0.191818330532683
2.26514957037523
0.525560842924663
-0.828031253342136
0.687239176992725
1.15146228043556
0.160216519154863
0.33793470372351
2.85419020586297
-2.69048303403114
-0.543747823732868
-1.66675402378959
0.942534377894613
0.121703999787567
-0.0619956684478259
0.527318729685591
0.594859527498966
0.338665141832481
-2.54372009881982
-0.613010947814832
0.229327247248351
-1.43997179417489
1.04470044242292
-0.426346093070956
-0.279694953934163
-0.246357558446707
0.677820197282979
-1.99190737014874
-1.51648649128497
-0.39876771919732
0.494074650258467
0.647761331883547
-2.33864927698907
1.09762315091313
2.25446758085954
0.23073063905978
-1.36546032007708
-0.150260995816035
0.325243761644901
0.211552017728814
-1.07924727510987
-1.09590955366129
0.686406486454091
-0.87737188476738
-1.54026847758185
0.88005141631354
0.003461613922251
-0.306236988205478
1.11191187535531
0.232310425569465
0.516908629024984
-1.41669485466903
0.50023580537003
-1.00276720758684
1.93650207143823
0.289117906574231
2.23024020175523
0.429863070081947
-2.13833340595142
-0.504535636687376
-0.111149322188579
-0.17744182206624
-0.736049397574574
-0.601974178228459
1.61649423927424
-0.955333033565442
0.133044754897305
-1.21576906822805
-0.0580178345169901
-0.570051358293897
-0.766303360130362
1.20887909520707
1.53603273382076
0.34721472631793
0.425481071261192
-1.24966348122942
0.0398286275949344
-1.45106412942549
